3400000010;16;0;בנים 16 ש"ח;2;0;0;0;0;0000-00-00;2014-01-31;8.58;327;327;
9910000000000;55;0;סווצר 55 ש"ח;2;0;0;0;0;0000-00-00;2014-01-31;24.7;386;386;
3400000020;30;0;בנים 30 ש"ח;2;0;0;0;0;0000-00-00;2014-01-31;13.62;327;327;
3400000016;25;0;בנות 25 ש"ח;2;0;0;0;0;0000-00-00;2014-01-31;12;327;327;
3400000015;22;0;בנים 22 ש"ח;2;0;0;0;0;0000-00-00;2014-01-31;11.6;327;327;
9910000000001;69;0;סווצר 69 ש"ח;2;0;0;0;0;0000-00-00;2014-01-31;37.05;386;386;
555555;1;0;שובר מתנה;2;0;0;0;0;0000-00-00;2014-01-31;1;0;0;
1175000000091;89;0;מומה 89 ש"ח;2;0;0;0;0;0000-00-00;2014-01-31;34.22;562;562;
2571000000024;99;0;הולי 99 ש"ח;2;0;0;0;0;0000-00-00;2014-01-31;53.1;2571;2571;
2600152;99;0;לונה 99 ש"ח;2;0;0;0;0;0000-00-00;2014-01-31;47.2;7;7;
3800000826;99;0;לוצינה 99 ש"ח;2;0;0;0;0;0000-00-00;2014-01-31;47.2;30;30;
42000001426;99;0;קרינה 99;2;0;0;0;0;0000-00-00;2014-01-31;35.4;4;4;
4001727;89;0;מרקו 89;2;0;0;0;0;0000-00-00;2014-01-31;39.24;26;26;
3700000006;199;0;שרשרת  199;2;0;0;0;0;0000-00-00;2014-01-31;40;2506;2506;
3700000000;150;0;מאלה 150;2;0;0;0;0;0000-00-00;2014-01-31;80.85;2506;2506;
3700000003;159;0;קצרה 159;2;0;0;0;0;0000-00-00;2014-01-31;40;2506;2506;
3700000005;279;0;מתכת 279;2;0;0;0;0;0000-00-00;2014-01-31;145.08;2506;2506;
3700000004;175;0;עור  175;2;0;0;0;0;0000-00-00;2014-01-31;93.6;2506;2506;
6630000000009;0;0;מתנה יום הולדת;2;0;0;0;0;0000-00-00;2014-01-31;8.26;2458;2458;
