10000;299;38;חגורת אבנים;3;0;0;0;0;0000-00-00;2014-02-03;177;6;6;
10001;549;171;גינס רגולר;5;0;0;0;0;0000-00-00;2014-03-03;265.5;3;3;
10002;131;98;חולצה משי;2;0;0;0;0;0000-00-00;2014-03-03;53.1;6;6;
10003;159;79;מכנס כותנה;5;0;0;0;0;0000-00-00;2014-02-03;76.7;3;3;
7000000000000;241;47;חגורת נחש;3;0;0;0;0;0000-00-00;2014-03-03;70.8;7;7;
10004;189;59;קרדיגן;2;0;0;0;0;0000-00-00;2014-02-03;76.7;6;6;
10005;275;497;סריג בוקלה;2;0;0;0;0;0000-00-00;2014-03-03;94.4;6;6;
10006;699;249;תיק גב;3;0;0;0;0;0000-00-00;2014-02-03;177;6;6;
7000000000001;219;7;מכנס גינס;3;0;0;0;0;0000-00-00;2014-03-03;47.2;7;7;
2800000000000;70;0;אנטריקות;55;0;0;1;0;0000-00-00;2014-03-03;82.6;28;28;
10007;17.5;0;סטייק;3;0;0;0;0;0000-00-00;2014-03-03;0;6;6;
1;5;0;אאא;0;0;0;0;0;0000-00-00;2014-03-12;0;0;0;
555555;1;0;שובר מתנה;0;0;0;0;0;0000-00-00;2014-03-26;0;0;0;
